500 1460.000000 65536 65535
1000 1460.000000 65536 65535
1500 2920.000000 65536 65535
2000 2920.000000 65536 65535
2500 2920.000000 65536 65535
3000 2920.000000 65536 65535
3500 2920.000000 65536 65535
4000 2920.000000 65536 65535
4500 2920.000000 65536 65535
5000 5840.000000 65536 62615
5500 5840.000000 65536 62615
6000 5840.000000 65536 65535
6500 5840.000000 65536 65535
7000 10220.000000 65536 65535
7500 10220.000000 65536 65535
8000 10220.000000 65536 65535
8500 10220.000000 65536 65535
9000 10220.000000 65536 65535
9500 10220.000000 65536 65535
10000 10220.000000 65536 65535
10500 10220.000000 65536 65535
11000 10220.000000 65536 65535
11500 20440.000000 65536 65535
12000 20440.000000 65536 65535
12500 20440.000000 65536 65535
13000 40880.000000 65536 65535
13500 40880.000000 65536 65535
14000 40880.000000 65536 65535
14500 65700.257812 65536 65535
15000 65700.257812 65536 65535
15500 65700.257812 65536 65535
16000 65701.289062 65536 65535
16500 65701.289062 65536 65535
17000 65701.289062 65536 65535
17500 65702.226562 65536 65535
18000 65702.226562 65536 65535
18500 65703.210938 65536 65535
19000 65703.210938 65536 65535
19500 65703.210938 65536 65535
20000 65703.210938 65536 65535
20500 65704.171875 65536 65535
21000 65704.171875 65536 65535
21500 65704.171875 65536 65535
22000 65705.132812 65536 65535
22500 65705.132812 65536 65535
23000 65705.132812 65536 65535
23500 65705.976562 65536 65535
24000 65705.976562 65536 65535
24500 65705.976562 65536 65535
25000 65705.976562 65536 65535
25500 65705.976562 65536 65535
26000 65705.976562 65536 65535
26500 65706.468750 65536 58235
27000 65706.468750 65536 65535
27500 65706.468750 65536 65535
28000 65707.335938 65536 65535
28500 65707.429688 65536 65535
29000 65707.429688 65536 65535
29500 65707.429688 65536 65535
30000 65707.429688 65536 65535
30500 65708.343750 65536 65535
31000 65708.343750 65536 65535
31500 65708.343750 65536 65535
32000 65708.343750 65536 65535
32500 65708.343750 65536 65535
33000 33580.859375 32854 65535
33500 33580.859375 32854 65535
34000 33580.859375 32854 65535
34500 33580.902344 32854 64075
35000 33581.675781 32854 65535
35500 33581.675781 32854 65535
36000 33581.675781 32854 65535
36500 33581.675781 32854 65535
37000 33582.664062 32854 65535
37500 33582.664062 32854 65535
38000 33582.664062 32854 65535
38500 33582.664062 32854 65535
39000 33582.664062 32854 65535
39500 33582.664062 32854 65535
40000 33582.664062 32854 65535
40500 33582.664062 32854 65535
41000 33583.652344 32854 65535
41500 33583.652344 32854 65535
42000 33583.652344 32854 65535
42500 33583.652344 32854 65535
43000 33583.652344 32854 65535
43500 33584.640625 32854 65535
44000 33584.640625 32854 65535
44500 33584.640625 32854 65535
45000 33585.628906 32854 65535
45500 33585.628906 32854 65535
46000 33585.628906 32854 65535
46500 33586.617188 32854 65535
47000 33586.617188 32854 65535
47500 33586.617188 32854 65535
48000 33587.605469 32854 65535
48500 33587.605469 32854 65535
49000 33587.605469 32854 65535
49500 33587.605469 32854 65535
50000 33588.593750 32854 65535
50500 33588.593750 32854 65535
51000 33588.593750 32854 65535
51500 33588.593750 32854 65535
52000 33588.593750 32854 65535
52500 33589.582031 32854 65535
53000 33589.582031 32854 65535
53500 33589.582031 32854 65535
54000 33589.582031 32854 65535
54500 33590.355469 32854 65535
55000 33590.355469 32854 65535
55500 33590.355469 32854 65535
56000 33590.355469 32854 65535
56500 33591.300781 32854 65535
57000 33591.300781 32854 65535
57500 33591.300781 32854 65535
58000 33591.300781 32854 65535
58500 33592.289062 32854 65535
59000 33592.289062 32854 65535
59500 33592.289062 32854 65535
60000 33592.289062 32854 65535
60500 33593.234375 32854 65535
61000 33593.234375 32854 65535
61500 33593.234375 32854 65535
62000 33593.234375 32854 65535
62500 33593.234375 32854 65535
63000 33593.964844 32854 65535
63500 33593.964844 32854 65535
64000 33593.964844 32854 65535
64500 33593.964844 32854 65535
65000 33593.964844 32854 65535
65500 33594.910156 32854 65535
66000 33594.910156 32854 65535
66500 33594.910156 32854 65535
67000 33594.910156 32854 65535
67500 33594.910156 32854 65535
68000 33594.910156 32854 65535
68500 33594.910156 32854 65535
69000 33594.910156 32854 65535
69500 33594.910156 32854 65535
70000 33595.855469 32854 33415
70500 33595.898438 32854 65535
71000 33595.898438 32854 65535
71500 33595.898438 32854 65535
72000 33595.898438 32854 65535
72500 33595.898438 32854 65535
73000 33595.898438 32854 65535
73500 33595.898438 32854 65535
74000 33595.898438 32854 65535
74500 33595.898438 32854 65535
75000 33595.898438 32854 65535
75500 33595.898438 32854 65535
76000 33595.898438 32854 65535
76500 33595.898438 32854 65535
77000 33595.898438 32854 65535
77500 33595.898438 32854 65535
78000 33596.886719 32854 65535
78500 33597.875000 32854 65535
79000 33597.875000 32854 65535
79500 33597.875000 32854 65535
80000 33598.648438 32854 65535
80500 33598.648438 32854 65535
81000 33598.648438 32854 65535
81500 33598.648438 32854 65535
82000 33598.648438 32854 65535
82500 33598.648438 32854 65535
83000 33599.593750 32854 65535
83500 33599.593750 32854 65535
84000 33599.593750 32854 65535
84500 33600.539062 32854 65535
85000 33600.539062 32854 65535
85500 33600.539062 32854 65535
86000 33600.539062 32854 65535
86500 33601.527344 32854 65535
87000 33601.527344 32854 65535
87500 33602.515625 32854 65535
88000 33602.515625 32854 65535
88500 33603.460938 32854 65535
89000 33603.460938 32854 65535
89500 33603.460938 32854 65535
90000 33603.460938 32854 65535
90500 33603.460938 32854 65535
91000 33604.449219 32854 65535
91500 33604.449219 32854 65535
92000 33604.449219 32854 65535
92500 33604.449219 32854 65535
93000 33605.437500 32854 65535
93500 33605.437500 32854 65535
94000 33605.437500 32854 65535
94500 33605.437500 32854 65535
95000 33605.437500 32854 65535
95500 33606.167969 32854 55315
96000 33606.382812 32854 65535
96500 33606.382812 32854 65535
97000 33607.242188 32854 65535
97500 33607.242188 32854 65535
98000 33607.242188 32854 65535
98500 33607.242188 32854 65535
99000 33607.242188 32854 65535
99500 33607.242188 32854 65535
100000 33607.242188 32854 65535
100500 33607.242188 32854 65535
101000 33607.242188 32854 65535
101500 33607.242188 32854 65535
102000 33607.242188 32854 65535
102500 33608.230469 32854 65535
103000 33608.230469 32854 65535
103500 33608.230469 32854 65535
104000 33608.230469 32854 65535
104500 33608.230469 32854 65535
105000 33608.230469 32854 65535
105500 33608.230469 32854 65535
106000 33608.230469 32854 65535
106500 33608.230469 32854 65535
107000 33608.230469 32854 65535
107500 33608.230469 32854 65535
108000 33608.230469 32854 65535
108500 33608.230469 32854 65535
109000 33608.230469 32854 65535
109500 33609.218750 32854 65535
110000 33609.218750 32854 65535
110500 33609.218750 32854 65535
111000 33610.207031 32854 65535
111500 33610.207031 32854 65535
112000 33610.207031 32854 65535
112500 33610.207031 32854 65535
113000 33610.207031 32854 65535
113500 33611.195312 32854 65535
114000 33611.195312 32854 65535
114500 33611.195312 32854 65535
115000 33611.195312 32854 65535
115500 33611.195312 32854 65535
116000 17520.755859 16805 65535
116500 17520.755859 16805 65535
117000 17520.755859 16805 65535
117500 17520.755859 16805 65535
118000 17521.763672 16805 65535
118500 17521.763672 16805 65535
119000 17521.763672 16805 65535
119500 17521.763672 16805 65535
120000 17521.763672 16805 65535
120500 17522.771484 16805 65535
121000 17522.771484 16805 65535
121500 17523.779297 16805 65535
122000 17523.779297 16805 65535
122500 17523.779297 16805 65535
123000 17523.779297 16805 65535
123500 17523.779297 16805 65535
124000 17523.779297 16805 65535
124500 17523.779297 16805 65535
125000 17524.703125 16805 65535
125500 17524.703125 16805 65535
126000 17524.703125 16805 65535
126500 17525.123047 16805 62615
127000 17525.626953 16805 65535
127500 17525.626953 16805 65535
128000 17526.550781 16805 49639
128500 17526.634766 16805 65535
129000 17526.634766 16805 65535
129500 17527.642578 16805 65535
130000 17527.642578 16805 65535
130500 17528.650391 16805 65535
131000 17528.650391 16805 65535
131500 17529.574219 16805 65535
132000 17529.574219 16805 65535
132500 17530.246094 16805 65535
133000 17530.246094 16805 65535
133500 17530.246094 16805 65535
134000 17531.169922 16805 65535
134500 17531.169922 16805 65535
135000 17531.169922 16805 65535
135500 17531.169922 16805 65535
136000 17531.169922 16805 65535
136500 17531.169922 16805 65535
137000 17531.169922 16805 65535
137500 17532.177734 16805 65535
138000 17532.177734 16805 65535
138500 17533.185547 16805 65535
139000 17534.193359 16805 65535
139500 17534.193359 16805 65535
140000 17534.193359 16805 65535
140500 17535.201172 16805 65535
141000 17535.201172 16805 65535
141500 17535.201172 16805 65535
142000 17536.208984 16805 65535
142500 17537.048828 16805 50935
143000 17537.216797 16805 65535
143500 17537.216797 16805 65535
144000 17537.216797 16805 65535
144500 17537.216797 16805 65535
145000 17537.216797 16805 65535
145500 17537.216797 16805 65535
146000 17537.216797 16805 65535
146500 17537.216797 16805 65535
147000 17537.216797 16805 65535
147500 17537.216797 16805 65535
148000 17537.216797 16805 65535
148500 17537.216797 16805 65535
149000 17537.216797 16805 65535
149500 17537.216797 16805 65535
150000 17538.140625 16805 65535
150500 17538.140625 16805 65535
151000 17538.140625 16805 65535
151500 17539.148438 16805 65535
152000 17539.148438 16805 65535
152500 17539.148438 16805 65535
153000 17539.148438 16805 65535
153500 17540.156250 16805 65535
154000 17540.156250 16805 65535
154500 17540.156250 16805 65535
155000 17541.164062 16805 65535
155500 17541.164062 16805 65535
156000 17541.164062 16805 65535
156500 17541.164062 16805 65535
157000 17541.164062 16805 65535
157500 17542.171875 16805 65535
158000 17542.171875 16805 65535
158500 17542.171875 16805 65535
159000 17542.171875 16805 65535
159500 17543.011719 16805 65535
160000 17543.011719 16805 65535
160500 17544.019531 16805 52395
161000 17544.019531 16805 65535
161500 17545.027344 16805 65535
162000 17545.027344 16805 65535
162500 17545.027344 16805 65535
163000 17545.951172 16805 65535
163500 17546.958984 16805 65535
164000 17546.958984 16805 65535
164500 17546.958984 16805 65535
165000 17546.958984 16805 65535
165500 17547.966797 16805 65535
166000 17547.966797 16805 65535
166500 17547.966797 16805 65535
167000 17548.974609 16805 65535
167500 17548.974609 16805 65535
168000 17548.974609 16805 65535
168500 17548.974609 16805 65535
169000 17548.974609 16805 65535
169500 17548.974609 16805 65535
170000 17548.974609 16805 65535
170500 17548.974609 16805 65535
171000 17548.974609 16805 65535
171500 17548.974609 16805 65535
172000 17549.982422 16805 65535
172500 17549.982422 16805 65535
173000 17549.982422 16805 65535
173500 17549.982422 16805 65535
174000 17549.982422 16805 65535
174500 17549.982422 16805 65535
175000 17549.982422 16805 65535
175500 17549.982422 16805 65535
176000 17549.982422 16805 65535
176500 17549.982422 16805 65535
177000 17549.982422 16805 65535
177500 17549.982422 16805 65535
178000 17549.982422 16805 65535
178500 17550.990234 16805 65535
179000 17550.990234 16805 65535
179500 17551.998047 16805 65535
180000 17551.998047 16805 65535
180500 10220.712891 8775 65535
181000 10220.712891 8775 65535
181500 10220.712891 8775 65535
182000 10220.712891 8775 65535
182500 10221.568359 8775 65535
183000 10221.568359 8775 65535
183500 10221.568359 8775 65535
184000 10221.568359 8775 65535
184500 10222.423828 8775 65535
185000 10222.423828 8775 65535
185500 10222.423828 8775 65535
186000 10222.423828 8775 65535
186500 10223.421875 8775 65535
187000 10223.421875 8775 65535
187500 10223.421875 8775 65535
188000 10224.419922 8775 65535
188500 10224.419922 8775 65535
189000 10224.419922 8775 65535
189500 10225.417969 8775 65535
190000 10225.417969 8775 65535
190500 10225.417969 8775 65535
191000 10225.417969 8775 65535
191500 10225.417969 8775 65535
192000 10226.416016 8775 65535
192500 10226.416016 8775 65535
193000 10226.416016 8775 65535
193500 10226.416016 8775 65535
194000 10226.416016 8775 65535
194500 10226.416016 8775 65535
195000 10227.414062 8775 65535
195500 10227.414062 8775 65535
196000 10227.414062 8775 65535
196500 10227.414062 8775 65535
197000 10227.414062 8775 65535
197500 10228.412109 8775 65535
198000 10228.412109 8775 65535
198500 10229.410156 8775 65535
199000 10229.410156 8775 65535
199500 10229.410156 8775 65535
200000 10229.410156 8775 65535
200500 10230.408203 8775 65535
201000 10230.408203 8775 65535
201500 10231.263672 8775 65535
202000 10231.263672 8775 65535
202500 10231.263672 8775 65535
203000 10232.261719 8775 65535
203500 10232.261719 8775 65535
204000 10232.261719 8775 65535
204500 10232.261719 8775 65535
205000 10233.259766 8775 65535
205500 10233.259766 8775 65535
206000 10233.259766 8775 65535
206500 10234.257812 8775 65535
207000 10234.257812 8775 65535
207500 10235.255859 8775 65535
208000 10235.255859 8775 65535
208500 10235.255859 8775 65535
209000 10236.253906 8775 65535
209500 10236.253906 8775 65535
210000 10236.253906 8775 65535
210500 10237.251953 8775 65535
211000 10237.251953 8775 65535
211500 10237.251953 8775 65535
212000 10237.251953 8775 65535
212500 10237.251953 8775 65535
213000 10238.250000 8775 65535
213500 10238.250000 8775 65535
214000 10238.820312 8775 65535
214500 10238.820312 8775 65535
215000 10238.820312 8775 65535
215500 10239.818359 8775 65535
216000 10239.818359 8775 65535
216500 10239.818359 8775 65535
217000 10240.816406 8775 65535
217500 10240.816406 8775 65535
218000 10240.816406 8775 65535
218500 10240.816406 8775 65535
219000 10241.814453 8775 65535
219500 10241.814453 8775 65535
220000 10241.814453 8775 65535
220500 10241.814453 8775 65535
221000 10241.814453 8775 65535
221500 10241.814453 8775 65535
222000 10241.814453 8775 65535
222500 10242.812500 8775 65535
223000 10242.812500 8775 65535
223500 10242.812500 8775 65535
224000 10243.810547 8775 65535
224500 10243.810547 8775 65535
225000 10244.808594 8775 65535
225500 10244.808594 8775 65535
226000 10245.806641 8775 65535
226500 10245.806641 8775 65535
227000 10245.806641 8775 65535
227500 10246.804688 8775 65535
228000 10246.804688 8775 65535
228500 10246.804688 8775 65535
229000 10247.802734 8775 65535
229500 10247.802734 8775 65535
230000 10248.658203 8775 65535
230500 10248.658203 8775 65535
231000 10248.658203 8775 65535
231500 10249.656250 8775 65535
232000 10249.656250 8775 65535
232500 10249.656250 8775 65535
233000 10250.654297 8775 65535
233500 10250.654297 8775 65535
234000 10250.654297 8775 65535
234500 10250.654297 8775 65535
235000 5840.500000 5125 65535
235500 5840.500000 5125 65535
236000 5841.500000 5125 65535
236500 5841.500000 5125 65535
237000 5842.500000 5125 65535
237500 5842.500000 5125 65535
238000 5843.500000 5125 65535
238500 5843.500000 5125 65535
239000 5844.500000 5125 65535
239500 5844.500000 5125 65535
240000 5845.500000 5125 65535
240500 5845.500000 5125 65535
241000 5845.500000 5125 65535
241500 5846.498535 5125 65535
242000 5846.498535 5125 65535
242500 5846.498535 5125 65535
243000 5847.496582 5125 65535
243500 5847.496582 5125 65535
244000 5848.494629 5125 65535
244500 5848.494629 5125 65535
245000 5849.492676 5125 65535
245500 5850.490723 5125 65535
246000 5850.490723 5125 65535
246500 5850.490723 5125 65535
247000 5850.490723 5125 65535
247500 5851.488770 5125 65535
248000 5851.488770 5125 65535
248500 5851.488770 5125 65535
249000 5851.488770 5125 65535
249500 5852.237305 5125 65535
250000 5852.237305 5125 65535
250500 5852.237305 5125 65535
251000 5853.235352 5125 65535
251500 5854.233398 5125 65535
252000 5854.233398 5125 65535
252500 5854.233398 5125 65535
253000 5854.981934 5125 65535
253500 5854.981934 5125 65535
254000 5855.979980 5125 65535
254500 5855.979980 5125 65535
255000 5856.978027 5125 65535
255500 5856.978027 5125 65535
256000 5856.978027 5125 65535
256500 5856.978027 5125 65535
257000 5856.978027 5125 65535
257500 5856.978027 5125 65535
258000 5857.974609 5125 65535
258500 5857.974609 5125 65535
259000 5858.970703 5125 65535
259500 5859.966797 5125 65535
260000 5859.966797 5125 65535
260500 5859.966797 5125 65535
261000 5859.966797 5125 65535
261500 5860.962891 5125 65535
262000 5861.958984 5125 65535
262500 5861.958984 5125 65535
263000 5861.958984 5125 65535
263500 5862.955078 5125 65535
264000 5862.955078 5125 65535
264500 5863.951172 5125 65535
265000 5863.951172 5125 65535
265500 5863.951172 5125 65535
266000 5863.951172 5125 65535
266500 5864.947266 5125 65535
267000 5864.947266 5125 65535
267500 5865.943359 5125 65535
268000 5865.943359 5125 65535
268500 5866.939453 5125 65535
269000 5866.939453 5125 65535
269500 5866.939453 5125 65535
270000 5867.935547 5125 65535
270500 5867.935547 5125 65535
271000 5867.935547 5125 65535
271500 5868.931152 5125 65535
272000 5868.931152 5125 65535
272500 5868.931152 5125 65535
273000 5869.925293 5125 65535
273500 5869.925293 5125 65535
274000 5869.925293 5125 65535
274500 5870.919434 5125 65535
275000 5870.919434 5125 65535
275500 5870.919434 5125 65535
276000 5870.919434 5125 65535
276500 5871.913574 5125 65535
277000 5871.913574 5125 65535
277500 4380.333496 2935 65535
278000 4380.333496 2935 65535
278500 4381.333984 2935 65535
279000 4381.333984 2935 65535
279500 4381.333984 2935 65535
280000 4382.333008 2935 65535
280500 4382.333008 2935 65535
281000 4382.333008 2935 65535
281500 4382.333008 2935 65535
282000 4383.332031 2935 65535
282500 4383.332031 2935 65535
283000 4383.332031 2935 65535
283500 4383.332031 2935 65535
284000 4384.331055 2935 65535
284500 4384.331055 2935 65535
285000 4384.331055 2935 65535
285500 4384.664062 2935 65535
286000 4384.664062 2935 65535
286500 4384.664062 2935 65535
287000 4385.663086 2935 65535
287500 4385.663086 2935 65535
288000 4385.663086 2935 65535
288500 4386.662109 2935 65535
289000 4386.662109 2935 65535
289500 4386.662109 2935 65535
290000 4386.662109 2935 65535
290500 4387.661133 2935 65535
291000 4387.661133 2935 65535
291500 4387.661133 2935 65535
292000 4387.661133 2935 65535
292500 4387.661133 2935 65535
293000 4387.661133 2935 65535
293500 4388.658691 2935 65535
294000 4388.658691 2935 65535
294500 4389.656250 2935 65535
295000 4390.653809 2935 65535
295500 4390.653809 2935 65535
296000 4390.653809 2935 65535
296500 4391.651367 2935 65535
297000 4391.651367 2935 65535
297500 4391.651367 2935 65535
298000 4392.648926 2935 65535
298500 4392.648926 2935 65535
299000 4393.646484 2935 65535
299500 4393.646484 2935 65535
300000 4393.646484 2935 65535
300500 4394.643066 2935 65535
301000 4394.643066 2935 65535
301500 4395.307129 2935 65535
302000 4396.303223 2935 65535
302500 4396.303223 2935 65535
303000 4396.303223 2935 65535
303500 4397.299316 2935 65535
304000 4397.299316 2935 65535
304500 4397.299316 2935 65535
305000 4397.299316 2935 65535
305500 4397.963379 2935 65535
306000 4397.963379 2935 65535
306500 4398.959473 2935 65535
307000 4398.959473 2935 65535
307500 4398.959473 2935 65535
308000 4398.959473 2935 65535
308500 4399.955566 2935 65535
309000 4399.955566 2935 65535
309500 4400.951172 2935 65535
310000 4400.951172 2935 65535
310500 4400.951172 2935 65535
311000 4400.951172 2935 65535
311500 4401.945801 2935 65535
312000 4401.945801 2935 65535
312500 4401.945801 2935 65535
313000 4401.945801 2935 65535
313500 4402.940430 2935 65535
314000 4402.940430 2935 65535
314500 4402.940430 2935 65535
315000 4402.940430 2935 65535
315500 4402.940430 2935 65535
316000 4403.935059 2935 65535
316500 4403.935059 2935 65535
317000 4403.935059 2935 65535
317500 4403.935059 2935 65535
318000 4403.935059 2935 65535
318500 4403.935059 2935 65535
319000 4404.929688 2935 65535
319500 4404.929688 2935 65535
320000 4404.929688 2935 65535
320500 4405.924316 2935 65535
321000 4405.924316 2935 65535
321500 4405.924316 2935 65535
322000 4405.924316 2935 65535
322500 4405.924316 2935 65535
323000 4406.918945 2935 65535
323500 4406.918945 2935 65535
324000 4406.918945 2935 65535
324500 4407.912109 2935 65535
325000 4407.912109 2935 65535
325500 4407.912109 2935 65535
326000 4407.912109 2935 65535
326500 4408.905273 2935 65535
327000 4408.905273 2935 65535
327500 4409.898438 2935 65535
328000 4409.898438 2935 65535
328500 4410.891602 2935 65535
329000 4410.891602 2935 65535
329500 4410.891602 2935 65535
330000 2920.500000 2920 65535
330500 2920.500000 2920 65535
331000 2921.499756 2920 65535
331500 2921.499756 2920 65535
332000 2922.499268 2920 65535
332500 2922.499268 2920 65535
333000 2922.499268 2920 65535
333500 2923.498291 2920 65535
334000 2923.498291 2920 65535
334500 2924.497070 2920 65535
335000 2924.497070 2920 65535
335500 2924.497070 2920 65535
336000 2925.495605 2920 65535
336500 2925.495605 2920 65535
337000 2925.495605 2920 65535
337500 2925.495605 2920 65535
338000 2925.495605 2920 65535
338500 2926.493652 2920 65535
339000 2926.493652 2920 65535
339500 2926.493652 2920 65535
340000 2927.491211 2920 65535
340500 2927.491211 2920 65535
341000 2927.491211 2920 65535
341500 2927.491211 2920 65535
342000 2927.491211 2920 65535
342500 2928.488525 2920 65535
343000 2928.488525 2920 65535
343500 2928.488525 2920 65535
344000 2928.488525 2920 65535
344500 2928.488525 2920 65535
345000 2929.485596 2920 65535
345500 2929.485596 2920 65535
346000 2929.485596 2920 65535
346500 2929.485596 2920 65535
347000 2930.482178 2920 65535
347500 2930.482178 2920 65535
348000 2931.478516 2920 65535
348500 2931.478516 2920 65535
349000 2931.478516 2920 65535
349500 2931.478516 2920 65535
350000 2931.478516 2920 65535
350500 2931.478516 2920 65535
351000 2931.478516 2920 65535
351500 2932.474609 2920 65535
352000 2932.474609 2920 65535
352500 2932.474609 2920 65535
353000 2932.474609 2920 65535
353500 2933.470215 2920 65535
354000 2933.470215 2920 65535
354500 2934.465576 2920 65535
355000 2934.465576 2920 65535
355500 2934.465576 2920 65535
356000 2935.460693 2920 65535
356500 2935.460693 2920 65535
357000 2935.460693 2920 65535
357500 2935.460693 2920 65535
358000 2935.460693 2920 65535
358500 2935.460693 2920 64075
359000 2936.455322 2920 65535
359500 2936.455322 2920 65535
360000 2936.455322 2920 65535
360500 2936.455322 2920 65535
361000 2936.455322 2920 65535
361500 2936.455322 2920 65535
362000 2936.455322 2920 65535
362500 2936.455322 2920 65535
363000 2936.455322 2920 65535
363500 2936.455322 2920 65535
364000 2936.455322 2920 65535
364500 2936.455322 2920 65535
365000 2936.455322 2920 65535
365500 2936.455322 2920 65535
366000 2936.455322 2920 65535
366500 2936.455322 2920 65535
367000 2936.455322 2920 65535
367500 2936.455322 2920 65535
368000 2936.455322 2920 65535
368500 2936.455322 2920 65535
369000 2937.449707 2920 65535
369500 2937.449707 2920 65535
370000 2937.449707 2920 65535
370500 2937.449707 2920 65535
371000 2937.449707 2920 65535
371500 2937.449707 2920 65535
372000 2937.449707 2920 65535
372500 2937.449707 2920 65535
373000 2937.449707 2920 65535
373500 2937.449707 2920 65535
374000 2937.449707 2920 65535
374500 2937.449707 2920 65535
375000 2938.443604 2920 65535
375500 2938.443604 2920 65535
376000 2938.443604 2920 65535
376500 2939.437256 2920 65535
377000 2939.437256 2920 65535
377500 2940.430420 2920 65535
378000 2940.430420 2920 65535
378500 2941.423340 2920 65535
379000 2941.423340 2920 65535
379500 2942.416016 2920 65535
380000 2942.416016 2920 65535
380500 2942.416016 2920 65535
381000 2942.416016 2920 65535
381500 2942.416016 2920 65535
382000 2942.416016 2920 65535
382500 2943.408203 2920 65535
383000 2943.408203 2920 65535
383500 2943.408203 2920 65535
384000 2944.400146 2920 65535
384500 2944.400146 2920 65535
385000 2944.400146 2920 65535
385500 2944.400146 2920 65535
386000 2945.391846 2920 65535
386500 2945.391846 2920 65535
387000 2945.391846 2920 65535
387500 2945.391846 2920 65535
388000 2945.391846 2920 65535
388500 2945.391846 2920 65535
389000 2946.383057 2920 65535
389500 2946.383057 2920 65535
390000 2947.374023 2920 65535
390500 2947.374023 2920 65535
391000 2947.374023 2920 65535
391500 2948.364746 2920 65535
392000 2948.364746 2920 65535
392500 2948.364746 2920 65535
393000 2948.364746 2920 65535
393500 2949.354980 2920 65535
394000 2949.354980 2920 65535
394500 2949.354980 2920 65535
395000 2949.354980 2920 65535
395500 2950.344971 2920 65535
396000 2950.344971 2920 65535
396500 2950.344971 2920 65535
397000 2950.344971 2920 65535
397500 2951.334717 2920 65535
398000 2951.334717 2920 65535
398500 2951.334717 2920 65535
399000 2951.334717 2920 65535
399500 2951.829346 2920 65535
400000 2951.829346 2920 65535
400500 2951.829346 2920 65535
401000 2952.818604 2920 65535
401500 2952.818604 2920 65535
402000 2952.818604 2920 65535
402500 2953.807373 2920 65535
403000 2953.807373 2920 65535
403500 2954.795898 2920 65535
404000 2954.795898 2920 65535
404500 2954.795898 2920 65535
405000 2955.784180 2920 65535
405500 2955.784180 2920 65535
406000 2955.784180 2920 65535
406500 2955.784180 2920 65535
407000 2955.784180 2920 65535
407500 2956.771973 2920 65535
408000 2956.771973 2920 65535
408500 2957.759521 2920 65535
409000 2957.759521 2920 65535
409500 2957.759521 2920 65535
410000 2957.759521 2920 65535
410500 2958.746826 2920 65535
411000 2958.746826 2920 65535
411500 2958.746826 2920 65535
412000 2959.733643 2920 65535
412500 2959.733643 2920 65535
413000 2959.733643 2920 65535
413500 2960.720215 2920 65535
414000 2960.720215 2920 65535
414500 2961.706299 2920 65535
415000 2961.706299 2920 65535
415500 2961.706299 2920 65535
416000 2962.692139 2920 65535
416500 2962.692139 2920 65535
417000 2962.692139 2920 65535
417500 2962.692139 2920 65535
418000 2962.692139 2920 65535
418500 2962.692139 2920 65535
419000 2962.692139 2920 65535
419500 2962.692139 2920 65535
420000 2963.677490 2920 65535
420500 2963.677490 2920 65535
421000 2964.662598 2920 65535
421500 2964.662598 2920 65535
422000 2965.647461 2920 65535
422500 2965.647461 2920 65535
423000 2966.631836 2920 65535
423500 2966.631836 2920 65535
424000 2967.615967 2920 65535
424500 2967.615967 2920 65535
425000 2968.599854 2920 65535
425500 2968.599854 2920 65535
426000 2969.583252 2920 65535
426500 2969.583252 2920 65535
427000 2969.583252 2920 65535
427500 2969.583252 2920 65535
428000 2969.583252 2920 65535
428500 2969.583252 2920 65535
429000 2969.583252 2920 65535
429500 2969.583252 2920 65535
430000 2969.583252 2920 65535
430500 2969.583252 2920 65535
431000 2969.583252 2920 65535
431500 2969.583252 2920 65535
432000 2969.583252 2920 65535
432500 2969.583252 2920 65535
433000 2969.583252 2920 65535
433500 2969.583252 2920 65535
434000 2969.583252 2920 65535
434500 2969.583252 2920 65535
435000 2970.566406 2920 65535
435500 2970.566406 2920 65535
436000 2970.566406 2920 65535
436500 2970.566406 2920 65535
437000 2970.566406 2920 65535
437500 2970.566406 2920 65535
438000 2970.566406 2920 65535
438500 2970.566406 2920 65535
439000 2970.566406 2920 65535
439500 2970.566406 2920 65535
440000 2970.566406 2920 65535
440500 2970.566406 2920 65535
441000 2970.566406 2920 65535
441500 2970.566406 2920 65535
442000 2970.566406 2920 65535
442500 2970.566406 2920 65535
443000 2970.566406 2920 65535
443500 2970.566406 2920 65535
444000 2971.549316 2920 65535
444500 2971.549316 2920 65535
445000 2971.549316 2920 65535
445500 2971.549316 2920 65535
446000 2971.549316 2920 65535
446500 2972.531738 2920 65535
447000 2973.513916 2920 65535
447500 2973.513916 2920 65535
448000 2973.513916 2920 65535
448500 2973.513916 2920 65535
449000 2973.513916 2920 65535
449500 2973.513916 2920 65535
450000 2973.513916 2920 65535
450500 2974.495850 2920 65535
451000 2974.495850 2920 65535
451500 2974.495850 2920 65535
452000 2974.495850 2920 65535
452500 2974.495850 2920 65535
453000 2974.495850 2920 65535
453500 2975.477295 2920 65535
454000 2975.477295 2920 65535
454500 2975.477295 2920 65535
455000 2975.477295 2920 65535
455500 2975.477295 2920 65535
456000 2975.477295 2920 65535
456500 2975.477295 2920 65535
457000 2975.477295 2920 65535
457500 2975.477295 2920 65535
458000 2975.477295 2920 65535
458500 2975.477295 2920 65535
459000 2975.477295 2920 65535
459500 2975.477295 2920 65535
460000 2975.477295 2920 65535
460500 2976.458496 2920 65535
461000 2976.458496 2920 65535
461500 2976.458496 2920 65535
462000 2976.458496 2920 65535
462500 2976.458496 2920 65535
463000 2976.458496 2920 65535
463500 2976.458496 2920 65535
464000 2976.458496 2920 65535
464500 2976.458496 2920 65535
465000 2976.458496 2920 65535
465500 2976.458496 2920 65535
466000 2976.458496 2920 65535
466500 2976.458496 2920 65535
467000 2976.458496 2920 65535
467500 2976.458496 2920 65535
468000 2976.458496 2920 65535
468500 2976.458496 2920 65535
469000 2976.458496 2920 65535
469500 2976.458496 2920 65535
470000 2976.458496 2920 65535
470500 2977.439453 2920 65535
471000 2977.439453 2920 65535
471500 2977.439453 2920 65535
472000 2977.439453 2920 65535
472500 2977.439453 2920 65535
473000 2977.439453 2920 65535
473500 2977.439453 2920 65535
474000 2977.439453 2920 65535
474500 2978.419922 2920 62779
475000 2978.419922 2920 65535
475500 2978.419922 2920 65535
476000 2978.419922 2920 65535
476500 2978.910156 2920 65535
477000 2978.910156 2920 65535
477500 2978.910156 2920 65535
478000 2978.910156 2920 65535
478500 2978.910156 2920 65535
479000 2978.910156 2920 65535
479500 2979.890137 2920 65535
480000 2979.890137 2920 65535
480500 2979.890137 2920 65535
481000 2980.870117 2920 65535
481500 2980.870117 2920 65535
482000 2981.849609 2920 65535
482500 2981.849609 2920 65535
483000 2981.849609 2920 65535
483500 2981.849609 2920 65535
484000 2981.849609 2920 65535
484500 2981.849609 2920 65535
485000 2981.849609 2920 65535
485500 2982.828857 2920 65535
486000 2982.828857 2920 65535
486500 2982.828857 2920 65535
487000 2982.828857 2920 65535
487500 2983.807861 2920 65535
488000 2983.807861 2920 65535
488500 2983.807861 2920 65535
489000 2983.807861 2920 65535
489500 2984.297119 2920 65535
490000 2984.297119 2920 65535
490500 2984.297119 2920 65535
491000 2984.297119 2920 65535
491500 2984.297119 2920 65535
492000 2920.000000 2920 65535
492500 2921.000000 2920 65535
493000 2921.000000 2920 65535
493500 2921.000000 2920 65535
494000 2921.999512 2920 65535
494500 2921.999512 2920 65535
495000 2922.998779 2920 65535
495500 2922.998779 2920 65535
496000 2922.998779 2920 65535
496500 2922.998779 2920 65535
497000 2923.997803 2920 65535
497500 2923.997803 2920 65535
498000 2923.997803 2920 65535
498500 2924.996338 2920 65535
499000 2925.994629 2920 65535
499500 2925.994629 2920 65535
500000 2925.994629 2920 65535
500500 2926.992432 2920 65535
501000 2926.992432 2920 65535
501500 2926.992432 2920 65535
502000 2926.992432 2920 65535
502500 2927.989990 2920 65535
503000 2927.989990 2920 65535
503500 2927.989990 2920 65535
504000 2927.989990 2920 65535
504500 2928.987061 2920 65535
505000 2928.987061 2920 65535
505500 2928.987061 2920 65535
506000 2929.485596 2920 65535
506500 2929.485596 2920 65535
507000 2930.482178 2920 65535
507500 2930.482178 2920 65535
508000 2930.482178 2920 65535
508500 2930.980469 2920 65535
509000 2930.980469 2920 65535
509500 2931.976562 2920 65535
510000 2931.976562 2920 65535
510500 2931.976562 2920 65535
511000 2931.976562 2920 65535
511500 2931.976562 2920 65535
512000 2931.976562 2920 65535
512500 2931.976562 2920 65535
513000 2931.976562 2920 65535
513500 2932.972412 2920 65535
514000 2932.972412 2920 65535
514500 2932.972412 2920 65535
515000 2933.968018 2920 65535
515500 2933.968018 2920 65535
516000 2933.968018 2920 65535
516500 2934.963135 2920 65535
517000 2934.963135 2920 65535
517500 2935.958008 2920 65535
518000 2935.958008 2920 65535
518500 2935.958008 2920 65535
519000 2935.958008 2920 65535
519500 2935.958008 2920 65535
520000 2935.958008 2920 65535
520500 2935.958008 2920 65535
521000 2935.958008 2920 65535
521500 2935.958008 2920 65535
522000 2936.952637 2920 65535
522500 2936.952637 2920 65535
523000 2936.952637 2920 65535
523500 2937.946777 2920 65535
524000 2937.946777 2920 65535
524500 2938.940430 2920 65535
525000 2938.940430 2920 65535
525500 2938.940430 2920 65535
526000 2938.940430 2920 65535
526500 2938.940430 2920 65535
527000 2938.940430 2920 65535
527500 2938.940430 2920 65535
528000 2938.940430 2920 65535
528500 2939.933838 2920 65535
529000 2939.933838 2920 65535
529500 2939.933838 2920 65535
530000 2939.933838 2920 65535
530500 2940.927002 2920 65535
531000 2940.927002 2920 65535
531500 2941.919678 2920 65535
532000 2941.919678 2920 65535
532500 2941.919678 2920 65535
533000 2942.912109 2920 65535
533500 2942.912109 2920 65535
534000 2942.912109 2920 65535
534500 2942.912109 2920 65535
535000 2942.912109 2920 65535
535500 2942.912109 2920 65535
536000 2942.912109 2920 65535
536500 2942.912109 2920 65535
537000 2942.912109 2920 65535
537500 2942.912109 2920 65535
538000 2942.912109 2920 65535
538500 2942.912109 2920 65535
539000 2942.912109 2920 65535
539500 2942.912109 2920 65535
540000 2942.912109 2920 65535
540500 2942.912109 2920 65535
541000 2943.904297 2920 65535
541500 2943.904297 2920 65535
542000 2943.904297 2920 65535
542500 2944.895996 2920 65535
543000 2945.887451 2920 65535
543500 2945.887451 2920 65535
544000 2945.887451 2920 65535
544500 2945.887451 2920 65535
545000 2945.887451 2920 65535
545500 2945.887451 2920 65535
546000 2945.887451 2920 65535
546500 2945.887451 2920 65535
547000 2945.887451 2920 65535
547500 2945.887451 2920 65535
548000 2945.887451 2920 65535
548500 2946.878662 2920 65535
549000 2946.878662 2920 65535
549500 2946.878662 2920 65535
550000 2946.878662 2920 65535
550500 2947.869385 2920 65535
551000 2947.869385 2920 65535
551500 2948.859863 2920 65535
552000 2948.859863 2920 65535
552500 2949.850098 2920 65535
553000 2949.850098 2920 65535
553500 2949.850098 2920 65535
554000 2950.839844 2920 65535
554500 2950.839844 2920 65535
555000 2950.839844 2920 65535
555500 2951.829346 2920 65535
556000 2951.829346 2920 65535
556500 2952.818604 2920 65535
557000 2952.818604 2920 65535
557500 2953.807373 2920 65535
558000 2953.807373 2920 65535
558500 2953.807373 2920 65535
559000 2953.807373 2920 65535
559500 2954.795898 2920 65535
560000 2954.795898 2920 65535
560500 2955.784180 2920 65535
561000 2955.784180 2920 65535
561500 2955.784180 2920 65535
562000 2956.771973 2920 65535
562500 2956.771973 2920 65535
563000 2956.771973 2920 65535
563500 2957.759521 2920 65535
564000 2957.759521 2920 65535
564500 2958.746826 2920 65535
565000 2958.746826 2920 65535
565500 2959.733643 2920 65535
566000 2959.733643 2920 65535
566500 2960.720215 2920 65535
567000 2960.720215 2920 65535
567500 2960.720215 2920 65535
568000 2960.720215 2920 65535
568500 2961.706299 2920 65535
569000 2961.706299 2920 65535
569500 2961.706299 2920 65535
570000 2962.692139 2920 65535
570500 2962.692139 2920 65535
571000 2962.692139 2920 65535
571500 2962.692139 2920 65535
572000 2962.692139 2920 65535
572500 2962.692139 2920 65535
573000 2963.677490 2920 65535
573500 2963.677490 2920 65535
574000 2963.677490 2920 65535
574500 2963.677490 2920 65535
575000 2963.677490 2920 65535
575500 2964.662598 2920 65535
576000 2964.662598 2920 65535
576500 2964.662598 2920 65535
577000 2965.647461 2920 65535
577500 2965.647461 2920 65535
578000 2965.647461 2920 65535
578500 2965.647461 2920 65535
579000 2965.647461 2920 65535
579500 2965.647461 2920 65535
580000 2965.647461 2920 65535
580500 2966.631836 2920 65535
581000 2966.631836 2920 65535
581500 2966.631836 2920 65535
582000 2967.615967 2920 65535
582500 2967.615967 2920 65535
583000 2967.615967 2920 65535
583500 2968.599854 2920 65535
584000 2968.599854 2920 65535
584500 2968.599854 2920 65535
585000 2968.599854 2920 65535
585500 2968.599854 2920 65535
586000 2968.599854 2920 65535
586500 2969.583252 2920 65535
587000 2969.583252 2920 65535
587500 2969.583252 2920 65535
588000 2969.583252 2920 65535
588500 2969.583252 2920 65535
589000 2969.583252 2920 65535
589500 2969.583252 2920 65535
590000 2970.566406 2920 65535
590500 2970.566406 2920 65535
591000 2971.549316 2920 65535
591500 2972.531738 2920 65535
592000 2972.531738 2920 65535
592500 2972.531738 2920 65535
593000 2972.531738 2920 65535
593500 2972.531738 2920 65535
594000 2972.531738 2920 65535
594500 2972.531738 2920 65535
595000 2972.531738 2920 65535
595500 2973.513916 2920 65535
596000 2973.513916 2920 65535
596500 2973.513916 2920 65535
597000 2974.495850 2920 65535
597500 2974.495850 2920 65535
598000 2974.495850 2920 65535
598500 2975.477295 2920 65535
599000 2975.477295 2920 65535
599500 2976.458496 2920 65535
600000 2976.458496 2920 65535
600500 2976.458496 2920 65535
601000 2976.458496 2920 65535
601500 2976.458496 2920 65535
602000 2976.458496 2920 65535
602500 2976.458496 2920 65535
603000 2976.458496 2920 65535
603500 2977.439453 2920 65535
604000 2978.419922 2920 65535
604500 2978.419922 2920 65535
605000 2978.419922 2920 65535
605500 2979.400146 2920 65535
606000 2979.400146 2920 65535
606500 2979.400146 2920 65535
607000 2979.400146 2920 65535
607500 2979.400146 2920 65535
608000 2979.400146 2920 65535
608500 2979.400146 2920 65535
609000 2980.380127 2920 65535
609500 2980.380127 2920 65535
610000 2980.380127 2920 65535
610500 2980.380127 2920 65535
611000 2981.359863 2920 65535
611500 2981.359863 2920 65535
612000 2982.339355 2920 65535
612500 2983.318359 2920 65535
613000 2983.318359 2920 65535
613500 2983.318359 2920 65535
614000 2983.318359 2920 65535
614500 2983.318359 2920 65535
615000 2983.318359 2920 65535
615500 2920.000000 2920 65535
616000 2920.000000 2920 65535
616500 2920.000000 2920 65535
617000 2920.000000 2920 65535
617500 2921.000000 2920 65535
618000 2921.000000 2920 65535
618500 2921.000000 2920 65535
619000 2921.000000 2920 65535
619500 2921.999512 2920 65535
620000 2921.999512 2920 65535
620500 2921.999512 2920 65535
621000 2921.999512 2920 65535
621500 2922.499268 2920 64075
622000 2922.998779 2920 65535
622500 2922.998779 2920 65535
623000 2922.998779 2920 65535
623500 2923.997803 2920 65535
624000 2924.996338 2920 65535
624500 2924.996338 2920 65535
625000 2924.996338 2920 65535
625500 2925.994629 2920 65535
626000 2925.994629 2920 65535
626500 2925.994629 2920 65535
627000 2925.994629 2920 65535
627500 2925.994629 2920 65535
628000 2926.992432 2920 65535
628500 2926.992432 2920 65535
629000 2927.989990 2920 65535
629500 2927.989990 2920 65535
630000 2927.989990 2920 65535
630500 2928.987061 2920 65535
631000 2928.987061 2920 65535
631500 2928.987061 2920 65535
632000 2929.983887 2920 65535
632500 2929.983887 2920 65535
633000 2930.980469 2920 65535
633500 2930.980469 2920 65535
634000 2930.980469 2920 65535
634500 2931.976562 2920 65535
635000 2931.976562 2920 65535
635500 2932.972412 2920 65535
636000 2932.972412 2920 65535
636500 2932.972412 2920 65535
637000 2932.972412 2920 65535
637500 2932.972412 2920 65535
638000 2932.972412 2920 65535
638500 2933.968018 2920 65535
639000 2933.968018 2920 65535
639500 2934.963135 2920 65535
640000 2934.963135 2920 65535
640500 2935.958008 2920 65535
641000 2935.958008 2920 65535
641500 2936.952637 2920 65535
642000 2936.952637 2920 65535
642500 2936.952637 2920 65535
643000 2936.952637 2920 65535
643500 2936.952637 2920 65535
644000 2936.952637 2920 65535
644500 2936.952637 2920 65535
645000 2936.952637 2920 65535
645500 2937.946777 2920 65535
646000 2937.946777 2920 65535
646500 2938.940430 2920 65535
647000 2938.940430 2920 65535
647500 2938.940430 2920 65535
648000 2938.940430 2920 65535
648500 2938.940430 2920 65535
649000 2938.940430 2920 65535
649500 2938.940430 2920 65535
650000 2938.940430 2920 65535
650500 2939.437256 2920 64075
651000 2939.933838 2920 65535
651500 2939.933838 2920 65535
652000 2939.933838 2920 65535
652500 2939.933838 2920 65535
653000 2939.933838 2920 65535
653500 2939.933838 2920 65535
654000 2939.933838 2920 65535
654500 2939.933838 2920 65535
655000 2940.927002 2920 65535
655500 2940.927002 2920 65535
656000 2940.927002 2920 65535
656500 2940.927002 2920 65535
657000 2940.927002 2920 65535
657500 2941.919678 2920 65535
658000 2941.919678 2920 65535
658500 2941.919678 2920 65535
659000 2942.912109 2920 65535
659500 2942.912109 2920 65535
660000 2942.912109 2920 65535
660500 2942.912109 2920 65535
661000 2942.912109 2920 65535
661500 2942.912109 2920 65535
662000 2943.904297 2920 65535
662500 2943.904297 2920 65535
663000 2943.904297 2920 65535
663500 2944.895996 2920 65535
664000 2944.895996 2920 65535
664500 2944.895996 2920 65535
665000 2945.887451 2920 65535
665500 2945.887451 2920 65535
666000 2945.887451 2920 65535
666500 2945.887451 2920 65535
667000 2946.878662 2920 65535
667500 2946.878662 2920 65535
668000 2947.869385 2920 65535
668500 2948.859863 2920 65535
669000 2948.859863 2920 65535
669500 2948.859863 2920 65535
670000 2949.850098 2920 65535
670500 2949.850098 2920 65535
671000 2949.850098 2920 65535
671500 2949.850098 2920 65535
672000 2949.850098 2920 65535
672500 2949.850098 2920 65535
673000 2950.839844 2920 65535
673500 1460.000000 2920 64075
674000 2920.000000 2920 65535
674500 2921.000000 2920 65535
675000 2921.000000 2920 65535
675500 2921.000000 2920 65535
676000 2921.999512 2920 65535
676500 2921.999512 2920 65535
677000 2922.998779 2920 65535
677500 2922.998779 2920 65535
678000 2922.998779 2920 65535
678500 2923.997803 2920 65535
679000 2923.997803 2920 65535
679500 2924.996338 2920 65535
680000 2924.996338 2920 65535
680500 2924.996338 2920 65535
681000 2924.996338 2920 65535
681500 2925.994629 2920 65535
682000 2925.994629 2920 65535
682500 2925.994629 2920 65535
683000 2926.992432 2920 65535
683500 2926.992432 2920 65535
684000 2927.989990 2920 65535
684500 2927.989990 2920 65535
685000 2927.989990 2920 65535
685500 2927.989990 2920 65535
686000 2928.987061 2920 65535
686500 2928.987061 2920 65535
687000 2929.983887 2920 65535
687500 2929.983887 2920 65535
688000 2930.980469 2920 65535
688500 2930.980469 2920 65535
689000 2930.980469 2920 65535
689500 2930.980469 2920 65535
690000 2931.976562 2920 65535
690500 2931.976562 2920 65535
691000 2931.976562 2920 65535
691500 2931.976562 2920 65535
692000 2931.976562 2920 65535
692500 2931.976562 2920 65535
693000 2932.972412 2920 65535
693500 2932.972412 2920 65535
694000 2932.972412 2920 65535
694500 2932.972412 2920 65535
695000 2933.968018 2920 65535
695500 2933.968018 2920 65535
696000 2933.968018 2920 65535
696500 2934.963135 2920 65535
697000 2934.963135 2920 65535
697500 2934.963135 2920 65535
698000 2934.963135 2920 65535
698500 2935.958008 2920 65535
699000 2935.958008 2920 65535
699500 2935.958008 2920 65535
700000 2935.958008 2920 65535
700500 2935.958008 2920 65535
701000 2936.952637 2920 65535
701500 2937.946777 2920 65535
702000 2937.946777 2920 65535
702500 2937.946777 2920 65535
703000 2937.946777 2920 65535
703500 2937.946777 2920 65535
704000 2938.940430 2920 65535
704500 2938.940430 2920 65535
705000 2938.940430 2920 65535
705500 2938.940430 2920 65535
706000 2938.940430 2920 65535
706500 2939.933838 2920 65535
707000 2939.933838 2920 65535
707500 2939.933838 2920 65535
708000 2940.927002 2920 65535
708500 2940.927002 2920 65535
709000 2941.919678 2920 65535
709500 2941.919678 2920 65535
710000 2941.919678 2920 65535
710500 2941.919678 2920 65535
711000 2942.912109 2920 65535
711500 2942.912109 2920 65535
712000 2942.912109 2920 65535
712500 2943.904297 2920 65535
713000 2943.904297 2920 65535
713500 2944.895996 2920 65535
714000 2944.895996 2920 65535
714500 2944.895996 2920 65535
715000 2945.887451 2920 65535
715500 2945.887451 2920 65535
716000 2945.887451 2920 65535
716500 2945.887451 2920 65535
717000 2945.887451 2920 65535
717500 2946.878662 2920 65535
718000 2946.878662 2920 65535
718500 2947.869385 2920 65535
719000 2947.869385 2920 65535
719500 2948.859863 2920 65535
720000 2948.859863 2920 65535
720500 2948.859863 2920 65535
721000 2948.859863 2920 65535
721500 2948.859863 2920 65535
722000 2948.859863 2920 65535
722500 2949.354980 2920 64075
723000 2949.850098 2920 65535
723500 2950.839844 2920 65535
724000 2950.839844 2920 65535
724500 2950.839844 2920 65535
725000 2951.829346 2920 65535
725500 2951.829346 2920 65535
726000 2951.829346 2920 65535
726500 2920.000000 2920 65535
727000 2920.000000 2920 65535
727500 2921.000000 2920 65535
728000 2921.000000 2920 65535
728500 2921.000000 2920 65535
729000 2921.000000 2920 65535
729500 2921.999512 2920 65535
730000 2921.999512 2920 65535
730500 2922.998779 2920 65535
731000 2922.998779 2920 65535
731500 2922.998779 2920 65535
732000 2922.998779 2920 65535
732500 2922.998779 2920 65535
733000 2922.998779 2920 65535
733500 2922.998779 2920 65535
734000 2923.997803 2920 65535
734500 2923.997803 2920 65535
735000 2923.997803 2920 65535
735500 2923.997803 2920 65535
736000 2923.997803 2920 65535
736500 2923.997803 2920 65535
737000 2924.996338 2920 65535
737500 2924.996338 2920 65535
738000 2925.994629 2920 62615
738500 2925.994629 2920 65535
739000 2925.994629 2920 65535
739500 2925.994629 2920 65535
740000 2926.992432 2920 65535
740500 2926.992432 2920 65535
741000 2926.992432 2920 65535
741500 2926.992432 2920 65535
742000 2926.992432 2920 65535
742500 2926.992432 2920 65535
743000 2927.989990 2920 65535
743500 2927.989990 2920 65535
744000 2928.987061 2920 65535
744500 2928.987061 2920 65535
745000 2929.983887 2920 65535
745500 2929.983887 2920 65535
746000 2929.983887 2920 65535
746500 2930.980469 2920 65535
747000 2930.980469 2920 65535
747500 2930.980469 2920 65535
748000 2930.980469 2920 65535
748500 2931.976562 2920 65535
749000 2932.972412 2920 65535
749500 2932.972412 2920 65535
750000 2932.972412 2920 65535
750500 2932.972412 2920 65535
751000 2932.972412 2920 65535
751500 2932.972412 2920 65535
752000 2932.972412 2920 65535
752500 2932.972412 2920 65535
753000 2932.972412 2920 65535
753500 2932.972412 2920 65535
754000 2933.968018 2920 65535
754500 2933.968018 2920 65535
755000 2933.968018 2920 65535
755500 2934.963135 2920 65535
756000 2934.963135 2920 65535
756500 2935.958008 2920 65535
757000 2935.958008 2920 65535
757500 2936.952637 2920 65535
758000 2936.952637 2920 65535
758500 2936.952637 2920 65535
759000 2936.952637 2920 65535
759500 2936.952637 2920 65535
760000 2937.946777 2920 65535
760500 2937.946777 2920 65535
761000 2937.946777 2920 65535
761500 2937.946777 2920 65535
762000 2937.946777 2920 65535
762500 2938.940430 2920 65535
763000 2938.940430 2920 65535
763500 2938.940430 2920 65535
764000 2939.933838 2920 65535
764500 2939.933838 2920 65535
765000 2939.933838 2920 65535
765500 2939.933838 2920 65535
766000 2939.933838 2920 65535
766500 2939.933838 2920 65535
767000 2940.927002 2920 65535
767500 2940.927002 2920 65535
768000 2940.927002 2920 65535
768500 2940.927002 2920 65535
769000 2941.919678 2920 65535
769500 2941.919678 2920 65535
770000 2941.919678 2920 65535
770500 2942.912109 2920 65535
771000 2942.912109 2920 65535
771500 2942.912109 2920 65535
772000 2943.904297 2920 65535
772500 2943.904297 2920 65535
773000 2943.904297 2920 65535
773500 2943.904297 2920 65535
774000 2943.904297 2920 65535
774500 2943.904297 2920 65535
775000 2943.904297 2920 65535
775500 2944.895996 2920 65535
776000 2944.895996 2920 65535
776500 2944.895996 2920 65535
777000 2944.895996 2920 65535
777500 2945.887451 2920 65535
778000 2945.887451 2920 65535
778500 2946.878662 2920 65535
779000 2946.878662 2920 65535
779500 2946.878662 2920 65535
780000 2946.878662 2920 65535
780500 2946.878662 2920 65535
781000 2946.878662 2920 65535
781500 2946.878662 2920 65535
782000 2947.869385 2920 65535
782500 2947.869385 2920 65535
783000 2948.859863 2920 65535
783500 2948.859863 2920 65535
784000 2949.850098 2920 65535
784500 2949.850098 2920 65535
785000 2950.839844 2920 65535
785500 2950.839844 2920 65535
786000 2950.839844 2920 65535
786500 2950.839844 2920 65535
787000 2950.839844 2920 65535
787500 2920.000000 2920 65535
788000 2920.000000 2920 65535
788500 2920.000000 2920 65535
789000 2921.000000 2920 65535
789500 2921.000000 2920 65535
790000 2921.000000 2920 65535
790500 2921.999512 2920 65535
791000 2921.999512 2920 65535
791500 2921.999512 2920 65535
792000 2921.999512 2920 65535
792500 2921.999512 2920 65535
793000 2921.999512 2920 65535
793500 2922.998779 2920 65535
794000 2922.998779 2920 65535
794500 2922.998779 2920 65535
795000 2922.998779 2920 65535
795500 2922.998779 2920 65535
796000 2922.998779 2920 65535
796500 2922.998779 2920 65535
797000 2923.997803 2920 65535
797500 2923.997803 2920 65535
798000 2923.997803 2920 65535
798500 2923.997803 2920 65535
799000 2923.997803 2920 65535
799500 2923.997803 2920 65535
800000 2923.997803 2920 65535
800500 2923.997803 2920 65535
801000 2923.997803 2920 65535
801500 2923.997803 2920 65535
802000 2923.997803 2920 65535
802500 2923.997803 2920 65535
803000 2924.996338 2920 65535
803500 2924.996338 2920 65535
804000 2924.996338 2920 65535
804500 2924.996338 2920 65535
805000 2924.996338 2920 65535
805500 2924.996338 2920 65535
806000 2924.996338 2920 65535
806500 2924.996338 2920 65535
807000 2924.996338 2920 65535
807500 2925.994629 2920 65535
808000 2925.994629 2920 65535
808500 2925.994629 2920 65535
809000 2925.994629 2920 65535
809500 2925.994629 2920 65535
810000 2926.992432 2920 65535
810500 2926.992432 2920 65535
811000 2927.989990 2920 65535
811500 2927.989990 2920 65535
812000 2928.987061 2920 65535
812500 2928.987061 2920 65535
813000 2928.987061 2920 65535
813500 2929.983887 2920 65535
814000 2929.983887 2920 65535
814500 2929.983887 2920 65535
815000 2929.983887 2920 65535
815500 2929.983887 2920 65535
816000 2929.983887 2920 65535
816500 2930.980469 2920 65535
817000 2930.980469 2920 65535
817500 2931.976562 2920 65535
818000 2931.976562 2920 65535
818500 2931.976562 2920 65535
819000 2932.972412 2920 65535
819500 2932.972412 2920 65535
820000 2933.968018 2920 65535
820500 2933.968018 2920 65535
821000 2934.963135 2920 65535
821500 2934.963135 2920 65535
822000 2934.963135 2920 65535
822500 2935.958008 2920 65535
823000 2936.952637 2920 65535
823500 2936.952637 2920 65535
824000 2936.952637 2920 65535
824500 2936.952637 2920 65535
825000 2937.946777 2920 65535
825500 2937.946777 2920 65535
826000 2937.946777 2920 65535
826500 2937.946777 2920 65535
827000 2937.946777 2920 65535
827500 2938.940430 2920 65535
828000 2938.940430 2920 65535
828500 2938.940430 2920 65535
829000 2938.940430 2920 65535
829500 2939.933838 2920 65535
830000 2939.933838 2920 65535
830500 2939.933838 2920 65535
831000 2940.927002 2920 65535
831500 2940.927002 2920 65535
832000 2941.919678 2920 65535
832500 2941.919678 2920 65535
833000 2941.919678 2920 65535
833500 2942.912109 2920 65535
834000 2942.912109 2920 65535
834500 2942.912109 2920 65535
835000 2942.912109 2920 65535
835500 2942.912109 2920 65535
836000 2943.904297 2920 65535
836500 2943.904297 2920 65535
837000 2943.904297 2920 65535
837500 2943.904297 2920 65535
838000 2944.895996 2920 65535
838500 2944.895996 2920 65535
839000 2944.895996 2920 65535
839500 2944.895996 2920 65535
840000 2944.895996 2920 65535
840500 2944.895996 2920 65535
841000 2944.895996 2920 65535
841500 2944.895996 2920 65535
842000 2944.895996 2920 65535
842500 2944.895996 2920 65535
843000 2944.895996 2920 65535
843500 2944.895996 2920 65535
844000 2944.895996 2920 65535
844500 2944.895996 2920 65535
845000 2944.895996 2920 65535
845500 2944.895996 2920 65535
846000 2945.887451 2920 65535
846500 2945.887451 2920 65535
847000 2945.887451 2920 65535
847500 2945.887451 2920 65535
848000 2945.887451 2920 65535
848500 2945.887451 2920 65535
849000 2946.878662 2920 65535
849500 2946.878662 2920 65535
850000 2947.374023 2920 65535
850500 2947.374023 2920 65535
851000 2947.869385 2920 65535
851500 2947.869385 2920 65535
852000 2947.869385 2920 65535
852500 2948.859863 2920 65535
853000 2948.859863 2920 65535
853500 2948.859863 2920 65535
854000 2948.859863 2920 65535
854500 2949.850098 2920 65535
855000 2949.850098 2920 65535
855500 2949.850098 2920 65535
856000 2949.850098 2920 65535
856500 2950.839844 2920 65535
857000 2950.839844 2920 65535
857500 2950.839844 2920 65535
858000 2951.829346 2920 65535
858500 2951.829346 2920 65535
859000 2951.829346 2920 65535
859500 2951.829346 2920 65535
860000 2920.000000 2920 65535
860500 2920.000000 2920 65535
861000 2920.000000 2920 65535
861500 2921.000000 2920 65535
862000 2921.000000 2920 65535
862500 2921.000000 2920 65535
863000 2921.000000 2920 65535
863500 2921.999512 2920 65535
864000 2921.999512 2920 65535
864500 2921.999512 2920 65535
865000 2922.998779 2920 65535
865500 2922.998779 2920 65535
866000 2922.998779 2920 65535
866500 2922.998779 2920 65535
867000 2922.998779 2920 65535
867500 2923.997803 2920 65535
868000 2923.997803 2920 65535
868500 2923.997803 2920 65535
869000 2924.996338 2920 65535
869500 2924.996338 2920 65535
870000 2924.996338 2920 65535
870500 2925.994629 2920 65535
871000 2925.994629 2920 65535
871500 2925.994629 2920 65535
872000 2925.994629 2920 65535
872500 2925.994629 2920 65535
873000 2925.994629 2920 65535
873500 2925.994629 2920 65535
874000 2926.992432 2920 65535
874500 2926.992432 2920 65535
875000 2927.989990 2920 65535
875500 2927.989990 2920 65535
876000 2927.989990 2920 65535
876500 2928.987061 2920 65535
877000 2928.987061 2920 65535
877500 2929.983887 2920 65535
878000 2929.983887 2920 65535
878500 2929.983887 2920 65535
879000 2929.983887 2920 65535
879500 2930.980469 2920 65535
880000 2930.980469 2920 65535
880500 2930.980469 2920 65535
881000 2930.980469 2920 65535
881500 2930.980469 2920 65535
882000 2931.976562 2920 65535
882500 2931.976562 2920 65535
883000 2931.976562 2920 65535
883500 2932.972412 2920 65535
884000 2932.972412 2920 65535
884500 2932.972412 2920 65535
885000 2932.972412 2920 65535
885500 2932.972412 2920 65535
886000 2932.972412 2920 65535
886500 2932.972412 2920 65535
887000 2933.968018 2920 65535
887500 2933.968018 2920 65535
888000 2934.963135 2920 65535
888500 2934.963135 2920 65535
889000 2935.958008 2920 65535
889500 2936.952637 2920 65535
890000 2936.952637 2920 65535
890500 2936.952637 2920 65535
891000 2936.952637 2920 65535
891500 2936.952637 2920 65535
892000 2937.946777 2920 65535
892500 2937.946777 2920 65535
893000 2938.940430 2920 65535
893500 2938.940430 2920 65535
894000 2938.940430 2920 65535
894500 2939.933838 2920 65535
895000 2939.933838 2920 65535
895500 2939.933838 2920 65535
896000 2939.933838 2920 65535
896500 2939.933838 2920 65535
897000 2939.933838 2920 65535
897500 2939.933838 2920 65535
898000 2940.927002 2920 65535
898500 2940.927002 2920 65535
899000 2940.927002 2920 65535
899500 2940.927002 2920 65535
900000 2940.927002 2920 65535
900500 2940.927002 2920 65535
901000 2940.927002 2920 65535
901500 2940.927002 2920 65535
902000 2941.919678 2920 65535
902500 2941.919678 2920 65535
903000 2941.919678 2920 65535
903500 2942.912109 2920 65535
904000 2942.912109 2920 65535
904500 2943.904297 2920 65535
905000 2943.904297 2920 65535
905500 2943.904297 2920 65535
906000 2943.904297 2920 65535
906500 2943.904297 2920 65535
907000 2944.895996 2920 65535
907500 2944.895996 2920 65535
908000 2944.895996 2920 65535
908500 2944.895996 2920 65535
909000 2944.895996 2920 65535
909500 2944.895996 2920 65535
910000 2944.895996 2920 65535
910500 2944.895996 2920 65535
911000 2945.887451 2920 65535
911500 2945.887451 2920 65535
912000 2946.878662 2920 65535
912500 2946.878662 2920 65535
913000 2946.878662 2920 65535
913500 2946.878662 2920 65535
914000 2947.869385 2920 65535
914500 2947.869385 2920 65535
915000 2947.869385 2920 65535
915500 2947.869385 2920 65535
916000 2948.859863 2920 65535
916500 2948.859863 2920 65535
917000 2948.859863 2920 65535
917500 2949.850098 2920 65535
918000 2949.850098 2920 65535
918500 2949.850098 2920 65535
919000 2949.850098 2920 65535
919500 2949.850098 2920 65535
920000 2949.850098 2920 65535
920500 2950.839844 2920 65535
921000 2950.839844 2920 65535
921500 2920.000000 2920 65535
922000 2920.000000 2920 65535
922500 2920.000000 2920 65535
923000 2920.000000 2920 65535
923500 2920.500000 2920 65535
924000 2920.500000 2920 65535
924500 2920.500000 2920 65535
925000 2921.499756 2920 65535
925500 2921.499756 2920 65535
926000 2921.499756 2920 65535
926500 2922.499268 2920 65535
927000 2922.499268 2920 65535
927500 2922.499268 2920 65535
928000 2922.499268 2920 65535
928500 2922.499268 2920 65535
929000 2922.499268 2920 65535
929500 2923.498291 2920 65535
930000 2923.498291 2920 65535
930500 2923.498291 2920 65535
931000 2923.498291 2920 65535
931500 2923.498291 2920 65535
932000 2923.498291 2920 65535
932500 2924.497070 2920 65535
933000 2924.497070 2920 65535
933500 2925.495605 2920 65535
934000 2925.495605 2920 65535
934500 2926.493652 2920 65535
935000 2926.493652 2920 65535
935500 2927.491211 2920 65535
936000 2927.491211 2920 65535
936500 2927.491211 2920 65535
937000 2927.491211 2920 65535
937500 2927.491211 2920 65535
938000 2927.491211 2920 65535
938500 2928.488525 2920 65535
939000 2928.488525 2920 65535
939500 2929.485596 2920 65535
940000 2929.485596 2920 65535
940500 2929.485596 2920 65535
941000 2929.485596 2920 65535
941500 2930.482178 2920 65535
942000 2930.482178 2920 65535
942500 2930.482178 2920 65535
943000 2930.482178 2920 65535
943500 2930.482178 2920 65535
944000 2931.478516 2920 65535
944500 2931.478516 2920 65535
945000 2931.478516 2920 65535
945500 2931.478516 2920 65535
946000 2931.478516 2920 65535
946500 2931.478516 2920 65535
947000 2932.474609 2920 65535
947500 2932.474609 2920 65535
948000 2932.474609 2920 65535
948500 2933.470215 2920 65535
949000 2933.470215 2920 65535
949500 2933.470215 2920 65535
950000 2934.465576 2920 65535
950500 2934.465576 2920 65535
951000 2935.460693 2920 65535
951500 2935.460693 2920 65535
952000 2936.455322 2920 65535
952500 2936.455322 2920 65535
953000 2937.449707 2920 65535
953500 2937.449707 2920 65535
954000 2937.449707 2920 65535
954500 2938.443604 2920 65535
955000 2938.443604 2920 65535
955500 2938.443604 2920 65535
956000 2938.443604 2920 65535
956500 2938.443604 2920 65535
957000 2938.443604 2920 65535
957500 2938.443604 2920 65535
958000 2939.437256 2920 65535
958500 2939.437256 2920 65535
959000 2940.430420 2920 65535
959500 2940.430420 2920 65535
960000 2940.430420 2920 65535
960500 2941.423340 2920 65535
961000 2941.423340 2920 65535
961500 2941.423340 2920 65535
962000 2942.416016 2920 65535
962500 2942.416016 2920 65535
963000 2943.408203 2920 65535
963500 2943.408203 2920 65535
964000 2943.408203 2920 65535
964500 2943.408203 2920 65535
965000 2943.408203 2920 65535
965500 2943.408203 2920 65535
966000 2944.400146 2920 65535
966500 2944.400146 2920 65535
967000 2944.895996 2920 65535
967500 2944.895996 2920 65535
968000 2944.895996 2920 65535
968500 2945.887451 2920 65535
969000 2945.887451 2920 65535
969500 2945.887451 2920 65535
970000 2946.878662 2920 65535
970500 2946.878662 2920 65535
971000 2947.869385 2920 65535
971500 2947.869385 2920 65535
972000 2948.859863 2920 65535
972500 2948.859863 2920 65535
973000 2949.850098 2920 65535
973500 2949.850098 2920 65535
974000 2949.850098 2920 65535
974500 2950.839844 2920 65535
975000 2950.839844 2920 65535
975500 2950.839844 2920 65535
976000 2951.829346 2920 65535
976500 2951.829346 2920 65535
977000 2952.818604 2920 65535
977500 2952.818604 2920 65535
978000 2952.818604 2920 65535
978500 2952.818604 2920 65535
979000 2952.818604 2920 65535
979500 2953.807373 2920 65535
980000 2953.807373 2920 65535
980500 2953.807373 2920 65535
981000 2953.807373 2920 65535
981500 2954.795898 2920 65535
982000 2954.795898 2920 65535
982500 2954.795898 2920 65535
983000 2954.795898 2920 65535
983500 2954.795898 2920 65535
984000 2954.795898 2920 65535
984500 2955.290039 2920 65535
985000 2955.290039 2920 65535
985500 2955.290039 2920 65535
986000 2956.278076 2920 65535
986500 2957.265869 2920 65535
987000 2957.265869 2920 65535
987500 2957.265869 2920 65535
988000 2958.253174 2920 65535
988500 2958.253174 2920 65535
989000 2958.253174 2920 65535
989500 2958.253174 2920 65535
990000 2958.253174 2920 65535
990500 2958.253174 2920 65535
991000 2959.240234 2920 65535
991500 2959.240234 2920 65535
992000 2960.227051 2920 65535
992500 2960.227051 2920 65535
993000 2961.213379 2920 65535
993500 2961.213379 2920 65535
994000 2962.199219 2920 65535
994500 2962.199219 2920 65535
995000 2962.199219 2920 65535
995500 2962.199219 2920 65535
996000 2963.184814 2920 65535
996500 2963.184814 2920 65535
997000 2963.677490 2920 64075
997500 2964.170166 2920 65535
998000 2964.170166 2920 65535
998500 2965.155029 2920 65535
999000 2965.155029 2920 65535
999500 2965.155029 2920 65535
1000000 2966.139648 2920 65535
